íteraciones puntos del eje x puntos del eje y       coef de x      coef de x²      coef de x³ 
 1   1.00000000   3.00000000   1.00000000  -0.34680997   0.04680997
 2   2.00000000   3.70000000   0.44680997  -0.20638007   0.02655521
 3   5.00000000   3.90000000  -0.07447972   0.03261684   0.34186288
 4   6.00000000   4.20000000   1.01634261   1.05820549  -0.57454809
 5   7.00000000   5.70000000   1.40910930  -0.66543879   0.15632949
 6   8.00000000   6.60000000   0.54722019  -0.19645031   0.02392011
 7  10.00000000   7.10000000   0.04846024  -0.05292966  -0.00255607
 8  13.00000000   6.70000000  -0.33813150  -0.07593425   0.00574178
 9  17.00000000   4.50000000   0.00000000  -0.00703287   0.00000000
