íteraciones puntos del eje x puntos del eje y       coef de x      coef de x²      coef de x³ 
 1   0.90000000   1.30000000   0.53962385   0.00000000  -0.24764906
 2   1.30000000   1.50000000   0.42075230  -0.29717887   0.94691209
 3   1.90000000   1.85000000   1.08680272   1.40726290  -2.95638246
 4   2.10000000   2.10000000   1.29494198  -0.36656658  -0.44663478
 5   2.60000000   2.60000000   0.59339932  -1.03651875   0.44505110
 6   3.00000000   2.70000000  -0.02219115  -0.50245742   0.17415987
 7   3.90000000   2.40000000  -0.50340603  -0.03222578   0.07807565
 8   4.40000000   2.15000000  -0.47707506   0.08488771   1.31417128
 9   4.70000000   2.05000000  -0.07131619   1.26764186  -1.58121890
 10   5.00000000   2.10000000   0.26233982  -0.15545515   0.04311533
 11   6.00000000   2.25000000   0.08077551  -0.02610916  -0.00466634
 12   7.00000000   2.30000000   0.01455815  -0.04010819  -0.02444996
 13   8.00000000   2.25000000  -0.13900811  -0.11345807   0.01747069
 14   9.20000000   1.95000000  -0.33583410  -0.05056359  -0.01272791
 15  10.50000000   1.40000000  -0.53182991  -0.10020243  -0.02032522
 16  11.30000000   0.90000000  -0.73117823  -0.14898296   1.21340501
 17  11.60000000   0.70000000  -0.49294865   0.94308154  -0.83927477
 18  12.00000000   0.60000000  -0.14133531  -0.06404818   0.03638209
 19  12.60000000   0.50000000  -0.17890047   0.00143957  -0.44797097
 20  13.00000000   0.40000000  -0.39277488  -0.53612559   0.59569510
 21  13.30000000   0.25000000   0.00000000   0.00000000   0.00000000
